For group line_graph50 the averages are: 
Minimum captures average: 
[[1.4, 1.4, 2.6, 3.0], [1.4, 2.0, 2.4, 3.8], [1.4, 1.8, 2.8, 4.2], [1.6, 2.2, 3.2, 4.6]]
[[1.0, 1.0, 1.4, 1.4], [1.0, 1.0, 1.0, 1.4], [1.0, 1.0, 1.0, 1.4], [1.0, 1.0, 1.4, 1.6]]
Path similarity average: 
[0.41066047378547355, 0.3649756493506494, 0.32432359517586784, 0.2728875943080488]
Probabilities of compromise: 
[[[0.18382, 0.0834, 0.06848], [0.35244, 0.16265999999999997, 0.13091999999999998], 0.28504545454545455, 0.47303575757575755], [[0.16376000000000002, 0.10462, 0.0659], [0.3131, 0.19108, 0.12005999999999999], 0.28478424242424244, 0.4749842424242424], [[0.14644, 0.09446000000000002, 0.06383999999999998], [0.29147999999999996, 0.17306, 0.11202000000000001], 0.28340121212121216, 0.4713812121212121], [[0.12638, 0.0659, 0.060360000000000004], [0.26077999999999996, 0.12902, 0.10072], 0.27315999999999996, 0.4560175757575758]]
[[[0.18382, 0.48050000000000004, 0.61266], [0.35244, 0.68694, 0.7865800000000001], 0.28504545454545455, 0.47303575757575755], [[0.16376000000000002, 0.34488, 0.7181200000000001], [0.3131, 0.58972, 0.87538], 0.28478424242424244, 0.4749842424242424], [[0.14644, 0.37960000000000005, 0.80496], [0.29147999999999996, 0.6411999999999999, 0.9305], 0.28340121212121216, 0.4713812121212121], [[0.12638, 0.36086, 0.89772], [0.26077999999999996, 0.6536799999999999, 0.97406], 0.27315999999999996, 0.4560175757575758]]

For group line_graph100 the averages are: 
Minimum captures average: 
[[1.6, 1.8, 2.6, 3.4], [1.4, 2.0, 2.8, 4.0], [1.8, 2.4, 2.8, 4.4], [2.0, 2.2, 3.4, 5.2]]
[[1.0, 1.0, 1.4, 1.6], [1.0, 1.0, 1.2, 1.4], [1.0, 1.0, 1.4, 1.8], [1.0, 1.0, 1.0, 2.0]]
Path similarity average: 
[0.3717395409724956, 0.30433302072506613, 0.26235429028042667, 0.2219492008412466]
Probabilities of compromise: 
[[[0.14966, 0.07787999999999999, 0.05638], [0.38062, 0.1843, 0.12972], 0.26932424242424247, 0.5397533333333333], [[0.13206, 0.07052, 0.05164], [0.35068, 0.16974, 0.10898], 0.26741454545454546, 0.5343133333333334], [[0.11556, 0.057179999999999995, 0.05162], [0.33296000000000003, 0.14137999999999998, 0.10388000000000001], 0.2631927272727273, 0.5294472727272728], [[0.08768000000000001, 0.052180000000000004, 0.050760000000000007], [0.28321999999999997, 0.11684000000000001, 0.09944], 0.2514909090909091, 0.5076151515151516]]
[[[0.14966, 0.44882, 0.59982], [0.38062, 0.7227600000000001, 0.8349399999999999], 0.26932424242424247, 0.5397533333333333], [[0.13206, 0.33821999999999997, 0.7259999999999999], [0.35068, 0.6605399999999999, 0.91748], 0.26741454545454546, 0.5343133333333334], [[0.11556, 0.38014000000000003, 0.80906], [0.33296000000000003, 0.73186, 0.96098], 0.2631927272727273, 0.5294472727272728], [[0.08768000000000001, 0.32752, 0.90176], [0.28321999999999997, 0.72492, 0.98964], 0.2514909090909091, 0.5076151515151516]]

For group line_graph150 the averages are: 
Minimum captures average: 
[[1.4, 1.6, 2.4, 2.8], [1.8, 2.4, 3.2, 3.6], [1.8, 2.4, 3.2, 4.2], [1.8, 2.6, 3.6, 5.2]]
[[1.0, 1.0, 1.2, 1.4], [1.0, 1.0, 1.2, 1.8], [1.0, 1.0, 1.4, 1.8], [1.0, 1.0, 1.4, 1.8]]
Path similarity average: 
[0.39263290686586144, 0.28928651840583697, 0.2451221484744215, 0.206714280038144]
Probabilities of compromise: 
[[[0.1746, 0.0764, 0.06792000000000001], [0.38473999999999997, 0.17629999999999998, 0.1485], 0.29087575757575757, 0.5446975757575758], [[0.12969999999999998, 0.07120000000000001, 0.05678000000000001], [0.33226000000000006, 0.16177999999999998, 0.11276000000000001], 0.28031939393939387, 0.5263436363636363], [[0.11173999999999999, 0.05696, 0.053959999999999994], [0.32706, 0.13018000000000002, 0.10638], 0.2897921212121212, 0.5425557575757576], [[0.10196000000000001, 0.05566000000000001, 0.052680000000000005], [0.30538000000000004, 0.12508, 0.10068000000000002], 0.29336666666666666, 0.5478466666666666]]
[[[0.1746, 0.45202, 0.60736], [0.38473999999999997, 0.68788, 0.82402], 0.29087575757575757, 0.5446975757575758], [[0.12969999999999998, 0.35150000000000003, 0.74468], [0.33226000000000006, 0.65486, 0.9168], 0.28031939393939387, 0.5263436363636363], [[0.11173999999999999, 0.43272000000000005, 0.82832], [0.32706, 0.7603, 0.96228], 0.2897921212121212, 0.5425557575757576], [[0.10196000000000001, 0.39853999999999995, 0.92512], [0.30538000000000004, 0.77326, 0.9922000000000001], 0.29336666666666666, 0.5478466666666666]]

For group line_graph200 the averages are: 
Minimum captures average: 
[[1.6, 1.6, 2.4, 2.8], [1.8, 2.4, 3.2, 3.6], [1.8, 2.4, 3.0, 4.2], [1.8, 2.6, 3.4, 5.2]]
[[1.0, 1.0, 1.4, 1.6], [1.0, 1.0, 1.4, 1.8], [1.0, 1.0, 1.4, 1.8], [1.0, 1.0, 1.4, 1.8]]
Path similarity average: 
[0.38346789784289725, 0.2941854536456809, 0.24159881679768075, 0.19536810516924188]
Probabilities of compromise: 
[[[0.13656000000000001, 0.07615999999999999, 0.05389999999999999], [0.33788, 0.17473999999999998, 0.12462000000000002], 0.25327515151515156, 0.5060690909090909], [[0.11712, 0.059840000000000004, 0.04944], [0.31784, 0.1566, 0.10492000000000001], 0.2543890909090909, 0.5094315151515152], [[0.09781999999999999, 0.05178000000000001, 0.04884], [0.30486, 0.12682, 0.09985999999999999], 0.2567096969696969, 0.5147884848484848], [[0.08756, 0.05108, 0.04978], [0.30047999999999997, 0.11948, 0.10103999999999999], 0.27153393939393944, 0.5423078787878788]]
[[[0.13656000000000001, 0.41228, 0.5561], [0.33788, 0.6728000000000001, 0.7877400000000001], 0.25327515151515156, 0.5060690909090909], [[0.11712, 0.32428, 0.69818], [0.31784, 0.63106, 0.90672], 0.2543890909090909, 0.5094315151515152], [[0.09781999999999999, 0.3757, 0.7978999999999999], [0.30486, 0.72072, 0.9560000000000001], 0.2567096969696969, 0.5147884848484848], [[0.08756, 0.36795999999999995, 0.9144400000000001], [0.30047999999999997, 0.77584, 0.9914999999999999], 0.27153393939393944, 0.5423078787878788]]

For group mesh_graph50_0 the averages are: 
Minimum captures average: 
[[1.6, 1.8, 2.4, 3.6], [2.0, 2.6, 3.4, 4.6], [2.2, 3.0, 4.2, 6.2], [2.6, 3.2, 5.2, 7.6]]
[[1.0, 1.0, 1.2, 1.6], [1.0, 1.0, 1.6, 2.0], [1.0, 1.0, 1.4, 2.2], [1.0, 1.0, 1.8, 2.6]]
Path similarity average: 
[0.4337644300144291, 0.33551497113997025, 0.3083856421356416, 0.27103896103896136]
Probabilities of compromise: 
[[[0.10162, 0.06362, 0.059539999999999996], [0.19383999999999998, 0.11320000000000001, 0.10098], 0.18210727272727273, 0.3046666666666667], [[0.0774, 0.06055999999999999, 0.047439999999999996], [0.15417999999999998, 0.10518000000000001, 0.07972], 0.18618606060606058, 0.3103381818181818], [[0.07092, 0.06017999999999999, 0.06006], [0.14188, 0.10207999999999999, 0.1008], 0.18901090909090906, 0.31594545454545453], [[0.06183999999999999, 0.05888, 0.05888], [0.12057999999999999, 0.09976, 0.0995], 0.18799393939393938, 0.3145090909090909]]
[[[0.10162, 0.28388, 0.45321999999999996], [0.19383999999999998, 0.44505999999999996, 0.63578], 0.18210727272727273, 0.3046666666666667], [[0.0774, 0.20196, 0.61094], [0.15417999999999998, 0.38438, 0.7958799999999999], 0.18618606060606058, 0.3103381818181818], [[0.07092, 0.19606, 0.70704], [0.14188, 0.39812000000000003, 0.8749800000000001], 0.18901090909090906, 0.31594545454545453], [[0.06183999999999999, 0.17947999999999997, 0.82588], [0.12057999999999999, 0.40208000000000005, 0.9457600000000002], 0.18799393939393938, 0.3145090909090909]]

For group mesh_graph50_1 the averages are: 
Minimum captures average: 
[[1.8, 2.0, 2.8, 4.2], [2.8, 3.6, 4.6, 6.0], [2.8, 3.8, 5.4, 7.4], [4.0, 5.0, 6.8, 9.8]]
[[1.0, 1.0, 1.6, 1.8], [1.0, 1.0, 2.0, 2.8], [1.0, 1.0, 2.0, 2.8], [1.0, 1.0, 2.2, 4.0]]
Path similarity average: 
[0.4147853535353521, 0.3313383838383829, 0.3045292207792203, 0.27480158730158744]
Probabilities of compromise: 
[[[0.08912, 0.06102, 0.05976], [0.17373999999999998, 0.10742, 0.10206], 0.1705878787878788, 0.28669212121212123], [[0.06289999999999998, 0.059340000000000004, 0.059340000000000004], [0.12282, 0.10028000000000001, 0.09956000000000001], 0.17110787878787878, 0.2861345454545454], [[0.06052, 0.058679999999999996, 0.058679999999999996], [0.11303999999999999, 0.09976, 0.09970000000000001], 0.17141818181818183, 0.2838581818181818], [[0.06157999999999999, 0.06157999999999999, 0.06157999999999999], [0.10412000000000002, 0.10134000000000001, 0.10134000000000001], 0.16991757575757577, 0.2828527272727273]]
[[[0.08912, 0.28034, 0.46807999999999994], [0.17373999999999998, 0.43974, 0.65648], 0.1705878787878788, 0.28669212121212123], [[0.06289999999999998, 0.158, 0.6247199999999999], [0.12282, 0.33221999999999996, 0.80722], 0.17110787878787878, 0.2861345454545454], [[0.06052, 0.16502, 0.70182], [0.11303999999999999, 0.36177999999999993, 0.87008], 0.17141818181818183, 0.2838581818181818], [[0.06157999999999999, 0.12633999999999998, 0.8131], [0.10412000000000002, 0.3273, 0.94248], 0.16991757575757577, 0.2828527272727273]]

For group mesh_graph50_2 the averages are: 
Minimum captures average: 
[[2.0, 2.0, 3.2, 4.2], [2.8, 3.6, 4.6, 5.8], [2.6, 3.6, 4.8, 7.0], [3.6, 4.8, 6.8, 9.4]]
[[1.0, 1.0, 1.6, 2.0], [1.0, 1.0, 1.8, 2.8], [1.0, 1.0, 1.8, 2.6], [1.0, 1.0, 2.2, 3.6]]
Path similarity average: 
[0.4207359307359299, 0.3493524531024531, 0.3286192279942277, 0.293567821067821]
Probabilities of compromise: 
[[[0.07656, 0.0603, 0.05954], [0.15460000000000002, 0.10473999999999999, 0.10093999999999999], 0.16839151515151515, 0.2787848484848484], [[0.0618, 0.05840000000000001, 0.05838000000000001], [0.11826, 0.09894, 0.09832], 0.16268666666666665, 0.27286181818181815], [[0.06388, 0.06115999999999999, 0.06115999999999999], [0.11584000000000001, 0.09910000000000001, 0.09906000000000001], 0.16431696969696968, 0.2736939393939394], [[0.059739999999999994, 0.05963999999999999, 0.05963999999999999], [0.10347999999999999, 0.09976, 0.09976], 0.16269454545454545, 0.27103272727272726]]
[[[0.07656, 0.26182, 0.48469999999999996], [0.15460000000000002, 0.41563999999999995, 0.64846], 0.16839151515151515, 0.2787848484848484], [[0.0618, 0.14784, 0.61076], [0.11826, 0.30584, 0.7788600000000001], 0.16268666666666665, 0.27286181818181815], [[0.06388, 0.16204000000000002, 0.6901400000000001], [0.11584000000000001, 0.32904, 0.8598000000000001], 0.16431696969696968, 0.2736939393939394], [[0.059739999999999994, 0.12546, 0.7951599999999999], [0.10347999999999999, 0.29188000000000003, 0.9309200000000001], 0.16269454545454545, 0.27103272727272726]]

For group mesh_graph100_0 the averages are: 
Minimum captures average: 
[[1.8, 2.0, 2.8, 3.8], [2.2, 3.0, 4.0, 5.6], [3.0, 3.8, 5.4, 7.2], [3.4, 4.8, 6.8, 9.0]]
[[1.0, 1.0, 1.2, 1.8], [1.0, 1.0, 1.8, 2.2], [1.0, 1.0, 2.0, 3.0], [1.0, 1.2, 2.2, 3.4]]
Path similarity average: 
[0.38215909090908956, 0.2922091450216445, 0.26046626984126997, 0.23929473304473362]
Probabilities of compromise: 
[[[0.08288, 0.052059999999999995, 0.05018], [0.21044000000000002, 0.11639999999999999, 0.10229999999999999], 0.17057272727272726, 0.3425345454545455], [[0.06068, 0.04988, 0.049640000000000004], [0.17254, 0.10474000000000001, 0.10014], 0.17828242424242421, 0.3553963636363636], [[0.05236, 0.0495, 0.04948], [0.14024, 0.09992000000000001, 0.09916], 0.17393515151515154, 0.3470054545454545], [[0.05145999999999999, 0.0506, 0.0506], [0.12336, 0.10129999999999999, 0.10122], 0.17207939393939395, 0.3434715151515152]]
[[[0.08288, 0.27871999999999997, 0.47078], [0.21044000000000002, 0.5019, 0.7214], 0.17057272727272726, 0.3425345454545455], [[0.06068, 0.20433999999999997, 0.6507799999999999], [0.17254, 0.48028000000000004, 0.87704], 0.17828242424242421, 0.3553963636363636], [[0.05236, 0.17920000000000003, 0.7313400000000001], [0.14024, 0.48382, 0.9237], 0.17393515151515154, 0.3470054545454545], [[0.05145999999999999, 0.14286000000000001, 0.81332], [0.12336, 0.44952, 0.96326], 0.17207939393939395, 0.3434715151515152]]

For group mesh_graph100_1 the averages are: 
Minimum captures average: 
[[1.8, 2.0, 3.0, 4.0], [2.4, 2.6, 3.6, 5.4], [2.6, 3.6, 5.0, 7.0], [3.4, 4.6, 6.6, 9.2]]
[[1.0, 1.0, 1.6, 1.8], [1.0, 1.0, 1.6, 2.4], [1.0, 1.0, 2.0, 2.6], [1.0, 1.0, 2.0, 3.4]]
Path similarity average: 
[0.397502705627704, 0.32400523088023, 0.28462481962481956, 0.25266594516594604]
Probabilities of compromise: 
[[[0.07488000000000002, 0.0495, 0.0484], [0.18631999999999999, 0.10822000000000001, 0.10110000000000001], 0.1587727272727273, 0.3192484848484849], [[0.05978, 0.05084000000000001, 0.05024000000000001], [0.15604, 0.10534000000000002, 0.10090000000000002], 0.1621, 0.32305757575757577], [[0.05342, 0.0503, 0.05025999999999999], [0.13354, 0.10068000000000002, 0.10008000000000002], 0.1586672727272727, 0.3186690909090909], [[0.04967999999999999, 0.04922, 0.04922], [0.11184000000000001, 0.0994, 0.09931999999999999], 0.1574169696969697, 0.3134709090909091]]
[[[0.07488000000000002, 0.26070000000000004, 0.46134], [0.18631999999999999, 0.47978000000000004, 0.7016199999999999], 0.1587727272727273, 0.3192484848484849], [[0.05978, 0.17901999999999998, 0.57774], [0.15604, 0.41879999999999995, 0.8128400000000001], 0.1621, 0.32305757575757577], [[0.05342, 0.16388, 0.6569999999999999], [0.13354, 0.42174000000000006, 0.87798], 0.1586672727272727, 0.3186690909090909], [[0.04967999999999999, 0.11432, 0.78138], [0.11184000000000001, 0.38402000000000003, 0.9549599999999998], 0.1574169696969697, 0.3134709090909091]]

For group mesh_graph100_2 the averages are: 
Minimum captures average: 
[[2.0, 2.0, 3.0, 4.2], [2.6, 3.4, 4.4, 6.4], [3.0, 4.0, 5.2, 7.6], [3.2, 4.6, 6.6, 9.6]]
[[1.0, 1.0, 1.8, 2.0], [1.0, 1.0, 2.0, 2.6], [1.0, 1.0, 2.0, 3.0], [1.0, 1.0, 2.2, 3.2]]
Path similarity average: 
[0.4204166666666661, 0.3502525252525249, 0.315570887445887, 0.27390512265512273]
Probabilities of compromise: 
[[[0.06494, 0.052259999999999994, 0.05178000000000001], [0.1533, 0.10584, 0.10182], 0.13276, 0.2662890909090909], [[0.05406, 0.05178000000000001, 0.051739999999999994], [0.12318, 0.10244, 0.10167999999999999], 0.13457757575757573, 0.26729939393939395], [[0.052500000000000005, 0.05138, 0.05138], [0.1173, 0.10194, 0.10171999999999999], 0.13853272727272728, 0.2745484848484848], [[0.0517, 0.05122, 0.05122], [0.11026, 0.1012, 0.1012], 0.14396848484848485, 0.2885351515151515]]
[[[0.06494, 0.2076, 0.42680000000000007], [0.1533, 0.38952000000000003, 0.66948], 0.13276, 0.2662890909090909], [[0.05406, 0.13419999999999999, 0.5255], [0.12318, 0.32588000000000006, 0.77444], 0.13457757575757573, 0.26729939393939395], [[0.052500000000000005, 0.11818, 0.6288199999999999], [0.1173, 0.32752, 0.86114], 0.13853272727272728, 0.2745484848484848], [[0.0517, 0.10812, 0.7559], [0.11026, 0.32874, 0.94314], 0.14396848484848485, 0.2885351515151515]]

For group mesh_graph150_0 the averages are: 
Minimum captures average: 
[[1.6, 1.8, 2.6, 3.2], [2.0, 3.0, 3.8, 4.8], [2.8, 3.4, 4.6, 6.4], [2.8, 4.0, 6.0, 8.4]]
[[1.0, 1.0, 1.4, 1.6], [1.0, 1.0, 1.4, 2.0], [1.0, 1.0, 1.8, 2.8], [1.0, 1.0, 2.0, 2.8]]
Path similarity average: 
[0.4011160714285701, 0.3052466630591625, 0.26158940596440594, 0.22957596801346836]
Probabilities of compromise: 
[[[0.10381999999999998, 0.05813999999999999, 0.05600000000000001], [0.23009999999999997, 0.11926, 0.10755999999999999], 0.1883660606060606, 0.3521854545454546], [[0.08127999999999999, 0.05514, 0.053380000000000004], [0.19695999999999997, 0.11122000000000001, 0.10036], 0.19954060606060606, 0.3724036363636364], [[0.06454, 0.05448000000000001, 0.053959999999999994], [0.17114000000000001, 0.10676000000000001, 0.10354000000000001], 0.20037575757575757, 0.37665454545454546], [[0.05872000000000001, 0.05322, 0.05302], [0.13996, 0.09974, 0.09840000000000002], 0.19671393939393939, 0.36903575757575763]]
[[[0.10381999999999998, 0.29728000000000004, 0.46121999999999996], [0.23009999999999997, 0.51266, 0.68186], 0.1883660606060606, 0.3521854545454546], [[0.08127999999999999, 0.22884000000000002, 0.64768], [0.19695999999999997, 0.48158, 0.8579800000000001], 0.19954060606060606, 0.3724036363636364], [[0.06454, 0.22526000000000002, 0.7475799999999999], [0.17114000000000001, 0.5111399999999999, 0.9174599999999999], 0.20037575757575757, 0.37665454545454546], [[0.05872000000000001, 0.18275999999999998, 0.8620000000000001], [0.13996, 0.48650000000000004, 0.97682], 0.19671393939393939, 0.36903575757575763]]

For group full_random50_0 the averages are: 
Minimum captures average: 
[[1.6, 1.8, 2.8, 3.4], [2.0, 3.0, 4.0, 5.4], [2.0, 2.4, 3.2, 4.6], [3.0, 4.2, 6.2, 8.6]]
[[1.0, 1.0, 1.4, 1.6], [1.0, 1.0, 1.6, 2.0], [1.0, 1.0, 1.4, 2.0], [1.0, 1.0, 2.0, 3.0]]
Path similarity average: 
[0.4803598484848478, 0.37930284992784935, 0.3165007215007212, 0.2909217171717172]
Probabilities of compromise: 
[[[0.09294, 0.06288, 0.06132], [0.16852, 0.10733999999999999, 0.10200000000000001], 0.15483212121212123, 0.258910303030303], [[0.08614, 0.061419999999999995, 0.060919999999999995], [0.15134, 0.10207999999999999, 0.09978000000000001], 0.1631612121212121, 0.2704442424242424], [[0.0676, 0.06155999999999999, 0.0373], [0.12287999999999999, 0.1002, 0.05996], 0.16759575757575756, 0.2816527272727273], [[0.06155999999999999, 0.060419999999999995, 0.060399999999999995], [0.11039999999999998, 0.10067999999999999, 0.10042], 0.17166969696969697, 0.2844642424242424]]
[[[0.09294, 0.25134, 0.36605999999999994], [0.16852, 0.39762, 0.54162], 0.15483212121212123, 0.258910303030303], [[0.08614, 0.16916000000000003, 0.54428], [0.15134, 0.32212, 0.7231], 0.1631612121212121, 0.2704442424242424], [[0.0676, 0.1608, 0.70012], [0.12287999999999999, 0.33612, 0.86094], 0.16759575757575756, 0.2816527272727273], [[0.06155999999999999, 0.13913999999999999, 0.7839200000000001], [0.11039999999999998, 0.32424, 0.9233800000000001], 0.17166969696969697, 0.2844642424242424]]

For group full_random50_1 the averages are: 
Minimum captures average: 
[[2.0, 2.0, 3.4, 4.4], [2.4, 3.0, 4.0, 5.2], [2.8, 3.8, 5.0, 7.0], [3.2, 4.6, 6.6, 9.2]]
[[1.0, 1.0, 2.0, 2.0], [1.0, 1.0, 1.4, 2.4], [1.0, 1.0, 1.8, 2.8], [1.0, 1.2, 2.2, 3.2]]
Path similarity average: 
[0.3933080808080795, 0.345681818181817, 0.31541666666666596, 0.28191919191919196]
Probabilities of compromise: 
[[[0.07944, 0.060219999999999996, 0.05974], [0.16036, 0.10500000000000001, 0.10134000000000001], 0.16308969696969697, 0.2707133333333333], [[0.07203999999999999, 0.060899999999999996, 0.06078], [0.14576000000000003, 0.10398, 0.10176], 0.15687333333333334, 0.2642593939393939], [[0.0658, 0.06056, 0.06054], [0.12712, 0.10184, 0.10114000000000001], 0.15620666666666666, 0.2610757575757575], [[0.06216000000000001, 0.06172000000000001, 0.06172000000000001], [0.10758000000000001, 0.10302, 0.10302], 0.15523030303030305, 0.2575254545454545]]
[[[0.07944, 0.2869, 0.47524], [0.16036, 0.45431999999999995, 0.6568600000000001], 0.16308969696969697, 0.2707133333333333], [[0.07203999999999999, 0.18045999999999998, 0.5610799999999999], [0.14576000000000003, 0.34965999999999997, 0.75104], 0.15687333333333334, 0.2642593939393939], [[0.0658, 0.19002000000000002, 0.66758], [0.12712, 0.38073999999999997, 0.8460600000000001], 0.15620666666666666, 0.2610757575757575], [[0.06216000000000001, 0.13205999999999998, 0.7945200000000001], [0.10758000000000001, 0.32624, 0.9307000000000001], 0.15523030303030305, 0.2575254545454545]]

For group full_random50_2 the averages are: 
Minimum captures average: 
[[1.8, 2.0, 3.2, 4.0], [2.6, 3.6, 4.4, 6.2], [3.0, 4.0, 5.2, 7.6], [4.0, 5.4, 7.4, 10.4]]
[[1.0, 1.0, 1.8, 1.8], [1.0, 1.0, 1.8, 2.6], [1.0, 1.0, 2.4, 3.0], [1.0, 1.6, 2.8, 4.0]]
Path similarity average: 
[0.4214457070707063, 0.34624368686868634, 0.3203282828282824, 0.2817306998556998]
Probabilities of compromise: 
[[[0.07926, 0.05968, 0.058699999999999995], [0.14982, 0.10500000000000001, 0.10067999999999999], 0.1591939393939394, 0.26807090909090914], [[0.06281999999999999, 0.05948, 0.059399999999999994], [0.12064000000000001, 0.10189999999999999, 0.10125999999999999], 0.15951636363636362, 0.26512545454545455], [[0.06248, 0.06038, 0.06033999999999999], [0.11332, 0.10024, 0.1001], 0.1606648484848485, 0.2677236363636364], [[0.0598, 0.0598, 0.0598], [0.10122, 0.09957999999999999, 0.09957999999999999], 0.16291878787878789, 0.27009636363636363]]
[[[0.07926, 0.23900000000000002, 0.47958], [0.14982, 0.38366, 0.6652199999999999], 0.1591939393939394, 0.26807090909090914], [[0.06281999999999999, 0.15263999999999997, 0.59838], [0.12064000000000001, 0.31401999999999997, 0.78142], 0.15951636363636362, 0.26512545454545455], [[0.06248, 0.16212, 0.66486], [0.11332, 0.33908000000000005, 0.83988], 0.1606648484848485, 0.2677236363636364], [[0.0598, 0.10411999999999999, 0.8077799999999999], [0.10122, 0.28203999999999996, 0.9408200000000001], 0.16291878787878789, 0.27009636363636363]]

For group full_random100_0 the averages are: 
Minimum captures average: 
[[1.6, 1.8, 2.6, 3.6], [2.0, 3.0, 4.0, 5.8], [3.0, 4.0, 5.2, 7.2], [3.2, 4.2, 6.2, 8.4]]
[[1.0, 1.0, 1.6, 1.6], [1.0, 1.0, 1.6, 2.0], [1.0, 1.0, 2.0, 3.0], [1.0, 1.0, 2.0, 3.2]]
Path similarity average: 
[0.4044791666666653, 0.3050586219336213, 0.26295529701779713, 0.24269089706589764]
Probabilities of compromise: 
[[[0.09091999999999999, 0.054259999999999996, 0.050780000000000006], [0.21625999999999998, 0.12122000000000002, 0.10504], 0.16156363636363635, 0.32151515151515153], [[0.06391999999999999, 0.048799999999999996, 0.048519999999999994], [0.17506, 0.10472, 0.09879999999999999], 0.16499090909090908, 0.3298381818181818], [[0.0558, 0.0508, 0.050780000000000006], [0.15233999999999998, 0.10138, 0.09981999999999999], 0.1659509090909091, 0.3334666666666667], [[0.052000000000000005, 0.050019999999999995, 0.050019999999999995], [0.12794, 0.10022, 0.09994], 0.1612739393939394, 0.32230848484848484]]
[[[0.09091999999999999, 0.27653999999999995, 0.48066], [0.21625999999999998, 0.5029, 0.72398], 0.16156363636363635, 0.32151515151515153], [[0.06391999999999999, 0.19664, 0.64904], [0.17506, 0.461, 0.87956], 0.16499090909090908, 0.3298381818181818], [[0.0558, 0.19498, 0.7541399999999999], [0.15233999999999998, 0.48600000000000004, 0.9408200000000001], 0.1659509090909091, 0.3334666666666667], [[0.052000000000000005, 0.15108000000000002, 0.8112999999999999], [0.12794, 0.45566000000000006, 0.96768], 0.1612739393939394, 0.32230848484848484]]

For group full_random100_1 the averages are: 
Minimum captures average: 
[[2.0, 2.0, 3.4, 5.0], [2.2, 3.0, 4.0, 5.4], [2.8, 3.8, 5.0, 7.0], [3.6, 5.0, 7.0, 9.8]]
[[1.0, 1.0, 1.6, 2.0], [1.0, 1.0, 1.4, 2.2], [1.0, 1.2, 2.2, 2.8], [1.0, 1.0, 2.6, 3.6]]
Path similarity average: 
[0.3709433621933607, 0.3191296897546888, 0.2752317821067821, 0.25059613997114066]
Probabilities of compromise: 
[[[0.07061999999999999, 0.05178000000000001, 0.05072000000000001], [0.179, 0.1085, 0.09998], 0.15975636363636364, 0.3205430303030303], [[0.061040000000000004, 0.05036, 0.05008], [0.15896, 0.10488, 0.09986000000000002], 0.16297030303030305, 0.3220642424242424], [[0.05386, 0.0498, 0.0498], [0.1376, 0.10118, 0.10016], 0.1641939393939394, 0.32738242424242425], [[0.050460000000000005, 0.05018, 0.05018], [0.11064, 0.10052000000000001, 0.10048000000000001], 0.15727151515151516, 0.3157236363636364]]
[[[0.07061999999999999, 0.24172000000000002, 0.5319999999999999], [0.179, 0.44972, 0.7772400000000002], 0.15975636363636364, 0.3205430303030303], [[0.061040000000000004, 0.16616000000000003, 0.643], [0.15896, 0.40279999999999994, 0.87546], 0.16297030303030305, 0.3220642424242424], [[0.05386, 0.16242, 0.72208], [0.1376, 0.42284, 0.92858], 0.1641939393939394, 0.32738242424242425], [[0.050460000000000005, 0.11479999999999999, 0.7884800000000001], [0.11064, 0.38666, 0.9557800000000001], 0.15727151515151516, 0.3157236363636364]]

For group full_random100_2 the averages are: 
Minimum captures average: 
[[2.0, 2.0, 3.4, 4.2], [2.6, 3.2, 4.2, 4.8], [2.8, 3.8, 5.2, 6.4], [3.6, 5.4, 7.2, 9.6]]
[[1.0, 1.0, 1.8, 2.0], [1.0, 1.0, 1.6, 2.6], [1.0, 1.2, 2.0, 2.8], [1.0, 1.2, 2.4, 3.6]]
Path similarity average: 
[0.4012184343434323, 0.3320643939393929, 0.3042045454545449, 0.2697177128427132]
Probabilities of compromise: 
[[[0.06708, 0.05194, 0.050519999999999995], [0.16808, 0.10868, 0.10166], 0.1513157575757576, 0.300170303030303], [[0.05746, 0.0501, 0.04994], [0.14121999999999998, 0.10132000000000001, 0.09894], 0.14686666666666667, 0.2951387878787879], [[0.05462, 0.05072, 0.05072], [0.1278, 0.10176, 0.10133999999999999], 0.14760545454545454, 0.29446000000000006], [[0.05064, 0.0502, 0.0502], [0.10754, 0.09954, 0.09952000000000001], 0.14358969696969698, 0.28771272727272723]]
[[[0.06708, 0.24237999999999998, 0.40478000000000003], [0.16808, 0.44568, 0.6527799999999999], 0.1513157575757576, 0.300170303030303], [[0.05746, 0.14808000000000002, 0.52308], [0.14121999999999998, 0.36214, 0.77652], 0.14686666666666667, 0.2951387878787879], [[0.05462, 0.14796, 0.59248], [0.1278, 0.37726000000000004, 0.8418800000000001], 0.14760545454545454, 0.29446000000000006], [[0.05064, 0.10584, 0.7235799999999999], [0.10754, 0.3334, 0.9267], 0.14358969696969698, 0.28771272727272723]]

For group full_random150_0 the averages are: 
Minimum captures average: 
[[1.4, 1.6, 2.0, 3.2], [2.2, 2.8, 3.8, 5.2], [2.8, 3.8, 4.8, 7.4], [2.6, 3.8, 5.2, 7.2]]
[[1.0, 1.0, 1.2, 1.4], [1.0, 1.0, 1.6, 2.2], [1.0, 1.0, 1.8, 2.8], [1.0, 1.0, 1.8, 2.6]]
Path similarity average: 
[0.38037022005771914, 0.2977105880230873, 0.24963398869648867, 0.22405799062049106]
Probabilities of compromise: 
[[[0.10710000000000001, 0.06389999999999998, 0.04432], [0.24236, 0.13298000000000001, 0.08378000000000001], 0.1975151515151515, 0.3714654545454545], [[0.07572, 0.05586, 0.05462], [0.19576, 0.10998000000000001, 0.10088], 0.19789333333333334, 0.3712066666666667], [[0.061880000000000004, 0.05222, 0.052160000000000005], [0.16472, 0.10049999999999999, 0.09832], 0.1999878787878788, 0.3764042424242424], [[0.05972000000000001, 0.054400000000000004, 0.04396], [0.13706000000000002, 0.09930000000000001, 0.07932000000000002], 0.19394666666666666, 0.3639945454545455]]
[[[0.10710000000000001, 0.30194, 0.5490600000000001], [0.24236, 0.51482, 0.7813399999999999], 0.1975151515151515, 0.3714654545454545], [[0.07572, 0.23843999999999999, 0.6723399999999999], [0.19576, 0.48776, 0.87476], 0.19789333333333334, 0.3712066666666667], [[0.061880000000000004, 0.22906000000000004, 0.8015399999999999], [0.16472, 0.5234, 0.9532399999999999], 0.1999878787878788, 0.3764042424242424], [[0.05972000000000001, 0.18462, 0.8535400000000001], [0.13706000000000002, 0.49850000000000005, 0.9736600000000001], 0.19394666666666666, 0.3639945454545455]]
